[[  [1 111 32.86790657 12.53838121],  [1 14 32.94101182 12.53816699],  [1 42 32.17651981 12.54082871],  [1 76 32.62023440 12.53857759],
  [1 117 32.25184679 12.54052285],  [1 81 33.02905604 12.53958618],  [1 105 33.02657694 12.53964263],  [1 34 32.30798435 12.54201911],
  [0 34 0.00000000 12.54034170],  [1 82 32.87797818 12.54034170],  [0 105 0.00000000 12.54052526],  [1 35 32.92762086 12.54052526],
  [0 42 0.00000000 12.54032037],  [1 112 32.92527801 12.54032037],  [0 76 0.00000000 12.54277731],  [1 88 32.20087183 12.54277731],
  [0 14 0.00000000 12.54067835],  [1 56 32.77261427 12.54067835],  [0 111 0.00000000 12.54115021],  [1 96 32.80125836 12.54115021],
  [0 81 32.92025924 12.54146785],  [1 65 32.89136156 12.54166052],  [0 112 0.00000000 12.54406092],  [1 46 32.09479257 12.54406092],
  [0 46 0.00000000 12.54203774],  [1 48 32.72962543 12.54203774],  [0 82 0.00000000 12.54198595],  [1 84 32.71475080 12.54198595],
  [0 84 0.00000000 12.54216990],  [1 86 32.81708679 12.54216990],  [0 117 0.00000000 12.54358770],  [1 118 32.54730704 12.54358770],
  [0 86 0.00000000 12.54577510],  [1 33 32.29094854 12.54577510],  [0 118 0.00000000 12.54721212],  [1 55 32.10147291 12.54721212],
  [0 88 0.00000000 12.54977083],  [1 72 31.78533578 12.54977083],  [0 96 0.00000000 12.54396558],  [1 1 32.77936652 12.54396558],
  [0 33 0.00000000 12.54455362],  [1 122 32.45535681 12.54455362],  [0 35 0.00000000 12.55206679],  [1 78 31.79085794 12.55206679],
  [0 48 0.00000000 12.54599798],  [1 21 32.80566019 12.54599798],  [0 55 0.00000000 12.54619969],  [1 7 32.79390809 12.54619969],
  [0 56 0.00000000 12.54644137],  [1 69 32.75208879 12.54644137],  [0 1 32.15703896 12.54862556],  [1 33 31.75991642 12.55285096],
  [0 122 0.00000000 12.55176716],  [1 15 31.92823827 12.55176716],  [0 65 0.00000000 12.55480987],  [1 42 31.61322336 12.55480987],
  [0 69 0.00000000 12.54614220],  [1 121 32.63205463 12.54614220],  [0 7 0.00000000 12.54637873],  [1 66 32.72089368 12.54637873],
  [0 72 0.00000000 12.55333304],  [1 68 31.82840031 12.55333304],  [0 78 0.00000000 12.54659880],  [1 118 32.74210802 12.54659880],
  [0 15 0.00000000 12.54712770],  [1 56 32.79225788 12.54712770],  [0 21 0.00000000 12.55740845],  [1 37 31.57560907 12.55740845],
  [0 33 0.00000000 12.55660548],  [1 65 31.64811252 12.55660548],  [0 37 0.00000000 12.55226133],  [1 26 32.03459382 12.55226133],
  [0 42 0.00000000 12.55849174],  [1 16 31.53012599 12.55849174],  [0 118 0.00000000 12.55535088],  [1 80 31.92131191 12.55535088],
  [0 56 0.00000000 12.55369393],  [1 90 32.04378355 12.55369393],  [0 121 0.00000000 12.56145163],  [1 16 31.63903823 12.56145163]
]]